BLEU-1: 0.705841
BLEU-2: 0.509977
BLEU-3: 0.422232
BLEU-4: 0.269037
