BLEU-1: 0.673710
BLEU-2: 0.469592
BLEU-3: 0.388138
BLEU-4: 0.246674
