BLEU-1: 0.109433
BLEU-2: 0.048592
BLEU-3: 0.032294
BLEU-4: 0.000000
